RGB_Color_index=[0	255	255
127	255	212
0	255	0
189	252	201
0	255	127
160	32	240
218	112	214
135	206	235
65	105	225
0	0	255
61	89	171
51	161	201
255	0	0
156	102	31
255	127	80
255	192	203
135	38	87
255	99	71
255	69	0
255	0	255
255	255	0
227	207	87
255	153	18
255	97	3
237	145	33
255	128	0
245	222	179
188	143	143
199	97	20
115	74	18
0	199	140
255	255	255
250	235	215
240	255	255
245	245	245
41	36	33
192	192	192
128	138	135
112	128	105
128	128	105
];